0.000018031002	
0.000018289218	
0.000018602059	
0.000018503944	
0.000018652161	
0.000018991806	
0.000019033108	
0.000018397870	
0.000018508686	
0.000017930950	
0.000017382639	
0.000017222112	
0.000016981145	
0.000016689821	
0.000016537333	
0.000016560942	
0.000015948346	
0.000015548567	
0.000015398553	
0.000015310068	
0.000015744890	
0.000016895350	
0.000017518676	
0.000017975402	
0.000018493907	
0.000019128100	
0.000019923073	
0.000020168445	
0.000020844462	
0.000021504811	
0.000022309347	
0.000023551273	
0.000023723551	
0.000025374042	
0.000026931464	
0.000029371118	
0.000032521202	
0.000034933051	
0.000035819234	
0.000038032842	
0.000040241121	
0.000042045362	
0.000043267304	
0.000044463282	
0.000045197779	
0.000046579735	
0.000047053796	
0.000047677357	
0.000048017024	
0.000048186263	
0.000048451071	
0.000048365710	
0.000048225789	
0.000048290611	
0.000048504873	
0.000048552578	
0.000048222919	
0.000047901041	
0.000047762245	
0.000047641737	
0.000047206195	
0.000046996440	
0.000045879660	
0.000044443146	
0.000043866210	
0.000042685839	
0.000041652991	
0.000040190655	
0.000037822181	
0.000036613546	
0.000036128109	
0.000034690813	
0.000032388922	
0.000031724754	
0.000030043195	
0.000027013952	
0.000025998806	
0.000025792233	
0.000025237638	
0.000023463124	
0.000022277511	
0.000020514422	
0.000020916475	
0.000020233214	
0.000019759809	
0.000020198861	
0.000018813809	
0.000017534952	
0.000016960514	
0.000016059566	
0.000015424295	
0.000015237551	
0.000015238579	
0.000016214564	
0.000015937458	
0.000018115101	
0.000017010107	
0.000016664875	
0.000016907878	
0.000018515660	
0.000017577831	
0.000018645555	
0.000021675194	
0.000028931718	
0.000026522192	
0.000026202355	
0.000028161607	
0.000031956984	
0.000022899632	
0.000023797578	
0.000027592539	
0.000031051513	
0.000032280732	
0.000034143934	
0.000032751181	
0.000034089240	
0.000039666131	
0.000037754893	
0.000041766722	
0.000043631320	
0.000045585948	
0.000046403820	
0.000046155397	
0.000047903155	
0.000047696783	
0.000048540180	
0.000048481306	
0.000049231250	
0.000050812629	
0.000050766463	
0.000051013780	
0.000050913866	
0.000050432693	
0.000049726481	
0.000048784583	
0.000047574515	
0.000046645593	
0.000045839835	
0.000045156725	
0.000044597597	
0.000043964603	
0.000043869692	
0.000042308009	
0.000041159699	
0.000039809980	
0.000038990165	
0.000038349706	
0.000033332362	
0.000032219847	
0.000029925795	
0.000024193976	
0.000030722731	
0.000031156796	
0.000030239527	
0.000028807988	
0.000032125281	
0.000029058136	
0.000029810040	
0.000021938182	
0.000023021348	
0.000020175477	
0.000019061295	
0.000017282202	
0.000019285651	
0.000020414851	
0.000018954821	
0.000017783774	
0.000016584665	
0.000016402844	
0.000015734091	
0.000015331434	
0.000015501024	
0.000016176955	
0.000017526614	
0.000018637478	
0.000019846608	
0.000020400605	
0.000022092292	
0.000021651518	
0.000021366164	
0.000023172788	
0.000024420948	
0.000025158672	
0.000027687467	
0.000029085724	
0.000028427154	
0.000032890428	
0.000032374373	
0.000035944369	
0.000039113496	
0.000038404360	
0.000036599024	
0.000035747216	
0.000037442889	
0.000041687923	
0.000043582771	
0.000044230812	
0.000044743625	
0.000043886659	
0.000045000877	
0.000047141573	
0.000047665333	
0.000047872116	
0.000048698897	
0.000049574792	
0.000050108378	
0.000049761315	
0.000049554208	
0.000049408318	
0.000049208629	
0.000048931521	
0.000048923950	
0.000048446640	
0.000047770209	
0.000047822163	
0.000048187587	
0.000048501868	
0.000048419035	
0.000047507612	
0.000045069337	
0.000042620155	
0.000041950650	
0.000041837498	
0.000042033917	
0.000037119957	
0.000035240337	
0.000036254307	
0.000034714616	
0.000033547774	
0.000031947842	
0.000029653835	
0.000027785447	
0.000026106853	
0.000026938722	
0.000027701557	
0.000027705111	
0.000025958496	
0.000024207953	
0.000022840755	
0.000020803183	
0.000018597655	
0.000017337814	
0.000016716876	
0.000015638476	
0.000015308855	
0.000015260559	
0.000015577403	
0.000015731075	
0.000015402913	
0.000015444683	
0.000015964668	
0.000016667980	
0.000016596043	
0.000016152138	
0.000017581491	
0.000022514245	
0.000021744068	
0.000019565041	
0.000020314586	
0.000023558663	
0.000026484619	
0.000026955338	
0.000027570015	
0.000027854985	
0.000029050369	
0.000032235046	
0.000034725483	
0.000035374440	
0.000036166519	
0.000040721570	
0.000041401872	
0.000040798743	
0.000043944248	
0.000042968219	
0.000042573509	
0.000042090000	
0.000043902732	
0.000045698183	
0.000046448433	
0.000046362438	
0.000047997321	
0.000048717640	
0.000048246460	
0.000046055738	
0.000047663321	
0.000048231032	
0.000049748636	
0.000050668878	
0.000050993465	
0.000050963175	
0.000051014584	
0.000050921484	
0.000050735627	
0.000050406736	
0.000048901922	
0.000047175658	
0.000047288944	
0.000046982932	
0.000046798086	
0.000046801244	
0.000045682707	
0.000044296026	
0.000043810142	
0.000043655215	
0.000043810520	
0.000042977481	
0.000040892628	
0.000039028524	
0.000037437527	
0.000034358098	
0.000031233791	
0.000029281564	
0.000026772621	
0.000025676090	
0.000030851603	
0.000036247595	
0.000035915287	
0.000024264600	
0.000021062762	
0.000018004343	
0.000018229821	
0.000018489609	
0.000016709086	
0.000016386050	
0.000015956466	
0.000016234138	
0.000016351622	
0.000016620232	
0.000015363959	
0.000015286027	
0.000015461343	
0.000015418784	
0.000016634991	
0.000016573771	
0.000015687130	
0.000015431386	
0.000017380762	
0.000020372792	
0.000020276711	
0.000023573462	
0.000024928489	
0.000021780786	
0.000017874012	
0.000022437622	
0.000020940466	
0.000021944139	
0.000022478111	
0.000026003805	
0.000028647852	
0.000029758705	
0.000028863467	
0.000032407057	
0.000035332425	
0.000034422694	
0.000035828256	
0.000031909531	
0.000036488844	
0.000044714576	
0.000048604001	
0.000046740886	
0.000046728226	
0.000048818089	
0.000046554280	
0.000048644695	
0.000047304329	
0.000045351087	
0.000046437137	
0.000046779165	
0.000047188441	
0.000048366794	
0.000048699152	
0.000048814149	
0.000048877962	