0.000014622262	
0.000014605198	
0.000014608310	
0.000014563883	
0.000014597001	
0.000014609716	
0.000014619909	
0.000014651006	
0.000014638092	
0.000014575842	
0.000014617279	
0.000014672376	
0.000014648062	
0.000014680643	
0.000014643505	
0.000014659562	
0.000014528851	
0.000014395943	
0.000014378446	
0.000014726058	
0.000014796407	
0.000014644095	
0.000014527704	
0.000014279782	
0.000013935692	
0.000013520751	
0.000013063282	
0.000012690283	
0.000012307624	
0.000012141732	
0.000012018731	
0.000011394683	
0.000011304574	
0.000011099207	
0.000010666266	
0.000010460219	
0.000010245094	
0.000010431131	
0.000010252472	
0.000010007490	
0.000009711389	
0.000009985227	
0.000009256098	
0.000008407925	
0.000007996567	
0.000006568597	
0.000004929046	
0.000004252766	
0.000003931933	
0.000003148637	
0.000002911923	
0.000002579638	
0.000002522987	
0.000002734863	
0.000002184676	
0.000002055036	
0.000001912187	
0.000001734513	
0.000001689752	
0.000001651901	
0.000001660673	
0.000001812420	
0.000002009785	
0.000002190395	
0.000002508721	
0.000002684174	
0.000002632218	
0.000003011672	
0.000003441570	
0.000003483113	
0.000003763940	
0.000003975571	
0.000004301897	
0.000005031206	
0.000005387487	
0.000005823710	
0.000006380739	
0.000006683669	
0.000006975406	
0.000007544904	
0.000008112785	
0.000008837304	
0.000009659600	
0.000009958313	
0.000010388377	
0.000011328194	
0.000012026640	
0.000012604362	
0.000012740747	
0.000013140673	
0.000013397839	
0.000013583322	
0.000013726444	
0.000013669123	
0.000013674176	
0.000013852167	
0.000013795827	
0.000013817426	
0.000013843436	
0.000013789170	
0.000013754134	
0.000013898725	
0.000013960444	
0.000013934761	
0.000013970874	
0.000013927947	
0.000014258947	
0.000014086687	
0.000013432800	
0.000012864733	
0.000012901186	
0.000012638470	
0.000012462988	
0.000012338591	
0.000012227720	
0.000010658342	
0.000010415255	
0.000010495090	
0.000010149452	
0.000009207192	
0.000007885987	
0.000008509527	
0.000008661484	
0.000007379836	
0.000007449124	
0.000007020297	
0.000007062096	
0.000005980548	
0.000005312688	
0.000004448499	
0.000004069291	
0.000002988729	
0.000003045274	
0.000003018419	
0.000002300704	
0.000001770103	
0.000001733504	
0.000001616025	
0.000001598454	
0.000001631409	
0.000001607975	
0.000001673429	
0.000001738609	
0.000001742786	
0.000001917398	
0.000002786699	
0.000003444560	
0.000003227014	
0.000002779148	
0.000002848548	
0.000003509086	
0.000005373753	
0.000005592997	
0.000005368051	
0.000004635778	
0.000005403381	
0.000005681068	
0.000005373895	
0.000007323149	
0.000007419449	
0.000007919512	
0.000007263753	
0.000006584971	
0.000008653484	
0.000008896515	
0.000009593155	
0.000009499985	
0.000009368669	
0.000009491753	
0.000009664643	
0.000009963940	
0.000010795114	
0.000011599647	
0.000011673244	
0.000012521529	
0.000013329431	
0.000013663106	
0.000013803547	
0.000013937492	
0.000014131747	
0.000014443827	
0.000014487116	
0.000014390399	
0.000014326803	
0.000014152649	
0.000013725756	
0.000013274224	
0.000013154615	
0.000012798909	
0.000012072351	
0.000011340607	
0.000011087143	
0.000010800011	
0.000010355188	
0.000010652374	
0.000010467850	
0.000009729310	
0.000009882860	
0.000009375163	
0.000008647533	
0.000007855911	
0.000007055285	
0.000006237738	
0.000005304082	
0.000005039820	
0.000004827933	
0.000004047396	
0.000004109082	
0.000003786299	
0.000004123773	
0.000003777593	
0.000004252598	
0.000004379825	
0.000003693081	
0.000003187647	
0.000001990759	
0.000001749778	
0.000001739088	
0.000001742933	
0.000001660193	
0.000001655310	
0.000001707218	
0.000001970645	
0.000002513953	
0.000003015747	
0.000002942586	
0.000002921290	
0.000003479232	
0.000003654586	
0.000003674124	
0.000003737468	
0.000004179738	
0.000004673268	
0.000004617601	
0.000004633788	
0.000005171624	
0.000005551330	
0.000005358932	
0.000005119164	
0.000005362747	
0.000005971361	
0.000005711195	
0.000007121389	
0.000006558886	
0.000008174413	
0.000009150766	
0.000010550745	
0.000010384155	
0.000010391587	
0.000010550463	
0.000010606949	
0.000011424179	
0.000011256274	
0.000009961973	
0.000009974422	
0.000009933016	
0.000009713039	
0.000009323392	
0.000009478969	
0.000009679431	
0.000010159196